,Request Id,request_execution_time_normalized,cdf
0,0,0.00921496222759724,1.0
